Sample  Salt    VC       EC       EMC       C1-0C     C2-10C    C3-20C    C4-30C    C5-40C    C6-50C    C7-60C        S0        S1        S2            log(eror - Arrhenius fits)
1      0.053197 0.000000 0.318338 0.628464 -2.303717 -2.213647 -2.138183 -2.068923 -2.005360 -1.947687 -1.886993     -2.301608 -0.664652 -0.061665     -6.039789 
2      0.061109 0.000000 0.315664 0.623228 -2.293543 -2.199740 -2.120343 -2.056800 -1.989620 -1.921433 -1.856203     -2.289248 -0.652838 -0.003456     -5.347156 
3      0.064980 0.000000 0.314366 0.620654 -2.293145 -2.205565 -2.120255 -2.034390 -1.965930 -1.894800 -1.835285     -2.295247 -0.718122 -0.027725     -5.892069 
4      0.079188 0.000000 0.309541 0.611272 -2.312285 -2.208360 -2.126960 -2.047955 -1.978495 -1.918330 -1.880780     -2.312920 -0.824820 -0.246872     -5.512638 
5      0.094764 0.000000 0.304009 0.601227 -2.319545 -2.217755 -2.131715 -2.024845 -1.987385 -1.896325 -1.835220     -2.319161 -0.795042 -0.098066     -4.488718 
6      0.104944 0.000000 0.300954 0.594103 -2.326665 -2.212640 -2.114320 -2.036805 -1.963535 -1.891620 -1.822580     -2.323173 -0.847579 -0.144685     -5.426849 
7      0.113606 0.000000 0.298470 0.587925 -2.366120 -2.260485 -2.148515 -2.060380 -1.984455 -1.913890 -1.889980     -2.373493 -1.006158 -0.388918     -4.687432 
8      0.121234 0.000000 0.295346 0.583421 -2.389340 -2.261717 -2.153737 -2.060297 -1.976197 -1.898713 -1.823757     -2.386904 -0.967804 -0.180484     -5.906162 
9      0.130907 0.000000 0.292052 0.577041 -2.414837 -2.282140 -2.170563 -2.072117 -1.975907 -1.886333 -1.805687     -2.412039 -0.982403 -0.099161     -5.866529 
10      0.138088 0.000000 0.289756 0.572156 -2.434957 -2.305880 -2.188973 -2.090080 -2.003153 -1.924287 -1.842430     -2.433681 -1.010775 -0.183263     -5.758084 
11      0.147269 0.000000 0.286571 0.566161 -2.449187 -2.305313 -2.183487 -2.084503 -2.002280 -1.933187 -1.868640     -2.448171 -1.156394 -0.427834     -6.160863 
12      0.154937 0.000000 0.284102 0.560961 -2.500530 -2.332177 -2.214977 -2.094323 -2.013817 -1.940233 -1.877233     -2.497675 -1.292608 -0.539168     -5.280984 
13      0.163351 0.000000 0.281249 0.555400 -2.592063 -2.426297 -2.285450 -2.170287 -2.071530 -1.988890 -1.922563     -2.592136 -1.349658 -0.506826     -7.265629 
14      0.171036 0.000000 0.278706 0.550258 -2.617553 -2.445733 -2.299370 -2.179473 -2.092843 -1.990633 -1.921150     -2.615575 -1.367690 -0.481176     -5.156776 
15      0.092580 0.000000 0.579730 0.327690 -2.335353 -2.195697 -2.072027 -1.971093 -1.892030 -1.825027 -1.757803     -2.335370 -1.149696 -0.424227     -5.735801 
16      0.107380 0.000000 0.570518 0.322102 -2.409747 -2.253587 -2.122887 -2.010593 -1.911487 -1.824647 -1.761497     -2.409879 -1.252905 -0.403502     -6.034978 
17      0.123174 0.000000 0.560587 0.316239 -2.527270 -2.355337 -2.211202 -2.094600 -1.982487 -1.907410 -1.826627     -2.526511 -1.377364 -0.485562     -5.563150 
20      0.088196 0.000000 0.711217 0.200588 -2.429515 -2.286310 -2.152682 -2.040392 -1.933352 -1.864627 -1.760467     -2.429461 -1.152954 -0.228464     -4.871939 
21      0.103247 0.000000 0.698829 0.197924 -2.505117 -2.337763 -2.195723 -2.071287 -1.957810 -1.860857 -1.767590     -2.503418 -1.296668 -0.280166     -6.237536 
22      0.116838 0.000000 0.688909 0.194253 -2.501495 -2.291250 -2.158402 -2.050037 -1.956700 -1.876992 -1.806640     -2.490152 -1.485241 -0.699553     -4.543272 
25      0.044225 0.000000 0.745605 0.210170 -2.331552 -2.212612 -2.119042 -2.016507 -1.956312 -1.892002 -1.831345     -2.331462 -0.946521 -0.291550     -5.228022 
26      0.073768 0.000000 0.722082 0.204150 -2.355185 -2.223832 -2.106627 -2.009092 -1.919687 -1.842752 -1.773647     -2.355061 -1.051181 -0.258985     -6.965681 
27      0.047530 0.000000 0.608924 0.343545 -2.310680 -2.208397 -2.114723 -2.035900 -1.966510 -1.907847 -1.849543     -2.310953 -0.829338 -0.200717     -6.497086 
28      0.077790 0.000000 0.589696 0.332515 -2.319670 -2.199295 -2.093935 -1.963260 -1.878845 -1.808345 -1.751005     -2.327236 -1.075074 -0.289767     -4.542987 
29      0.071264 0.108546 0.276436 0.543753 -2.329446 -2.249739 -2.121273 -2.046555 -1.986374 -1.918668 -1.876305     -2.338815 -0.898068 -0.291062     -4.472270 
30      0.123648 0.103225 0.266066 0.507061 -2.406397 -2.305924 -2.181525 -2.056643 -1.975204 -1.902822 -1.843453     -2.418855 -1.052366 -0.256854     -4.388445 
31      0.182205 0.100083 0.241669 0.476043 -2.712781 -2.524731 -2.370230 -2.243936 -2.134858 -2.040888 -1.958263     -2.710325 -1.478460 -0.519644     -5.921948 
32      0.067159 0.307606 0.210648 0.414587 -2.243821 -2.149181 -2.057080 -1.986198 -1.924018 -1.874857 -1.821497     -2.244762 -0.798341 -0.243547     -5.823317 
33      0.117871 0.289704 0.199764 0.392661 -2.340725 -2.212574 -2.104256 -2.011265 -1.928691 -1.856725 -1.791019     -2.339525 -1.002371 -0.262537     -6.679417 
34      0.170732 0.273225 0.186371 0.369672 -2.621638 -2.442532 -2.294078 -2.172317 -2.067604 -1.982487 -1.901638     -2.619829 -1.421730 -0.512741     -5.966210 
35      0.064987 0.101654 0.532571 0.300788 -2.301519 -2.185692 -2.084973 -1.997499 -1.922875 -1.859848 -1.802273     -2.301762 -0.935897 -0.272433     -7.321755 
36      0.112640 0.096633 0.503411 0.287316 -2.481820 -2.331853 -2.205867 -2.093558 -1.999461 -1.912575 -1.824781     -2.479291 -1.148598 -0.247956     -5.633565 
37      0.166764 0.082602 0.479764 0.270870 -2.691597 -2.518607 -2.366967 -2.234248 -2.109469 -2.013976 -1.929941     -2.693446 -1.410371 -0.377539     -5.674753 
38      0.060607 0.310562 0.402239 0.226593 -2.287711 -2.170636 -2.073855 -1.981510 -1.906230 -1.839527 -1.772348     -2.286673 -0.906942 -0.198458     -6.120781 
39      0.108358 0.286128 0.386015 0.219499 -2.411623 -2.262990 -2.143047 -2.031087 -1.940237 -1.858166 -1.788663     -2.410731 -1.165243 -0.337578     -6.380718 
40      0.157657 0.268895 0.365497 0.207951 -2.770410 -2.559107 -2.384151 -2.237175 -2.108467 -2.004676 -1.924607     -2.770709 -1.713100 -0.647778     -6.135205 
41      0.060914 0.103901 0.650175 0.185010 -2.348586 -2.228969 -2.124685 -2.035452 -1.955242 -1.880376 -1.812124     -2.347179 -0.925567 -0.177798     -6.357718 
42      0.106566 0.099193 0.618261 0.175980 -2.580799 -2.385500 -2.214495 -2.089666 -1.981194 -1.895191 -1.819735     -2.580320 -1.613674 -0.705380     -5.677143 
44      0.058529 0.296476 0.502262 0.142733 -2.312601 -2.195530 -2.089893 -2.000262 -1.919141 -1.852436 -1.796911     -2.314045 -0.966734 -0.273505     -6.373500 
45      0.104746 0.282732 0.477937 0.134586 -2.444343 -2.288124 -2.154416 -2.044963 -1.946912 -1.865594 -1.788818     -2.443105 -1.239608 -0.381377     -6.220066 
46      0.152137 0.267502 0.452203 0.128157 -2.569565 -2.440952 -2.331143 -2.211295 -2.097470 -1.985739 -1.889539     -2.568740 -0.933065 0.152759     -5.591696 
47      0.060607 0.310562 0.402239 0.226593 -2.287711 -2.170636 -2.073855 -1.981510 -1.906230 -1.839527 -1.772348     -2.286673 -0.906942 -0.198458     -6.120781 
48      0.027083 0.000000 0.330456 0.642461 -2.495218 -2.414999 -2.347211 -2.285613 -2.230726 -2.184001 -2.140374     -2.494838 -0.627206 -0.137276     -7.374683 
49      0.022590 0.000000 0.758965 0.218445 -2.850460 -2.637088 -2.292548 -2.223118 -2.154513 -2.097079 -2.041876     -2.862729 -2.444683 -1.866780     -3.151511 
50      0.026796 0.114292 0.288991 0.569921 -2.444764 -2.359007 -2.292159 -2.229607 -2.174395 -2.124428 -2.074431     -2.442407 -0.628587 -0.112873     -6.052128 
51      0.023916 0.105917 0.555129 0.315038 -2.488885 -2.398169 -2.293525 -2.215683 -2.146817 -2.083668 -2.026373     -2.492498 -0.820144 -0.172325     -5.410174 
52      0.022921 0.108919 0.677576 0.190584 -2.656721 -2.423371 -2.276988 -2.200227 -2.133520 -2.078292 -2.022688     -2.639124 -1.647301 -1.122846     -3.963422 
53      0.025896 0.322698 0.218738 0.432668 -2.373217 -2.286821 -2.222399 -2.149148 -2.092290 -2.047382 -2.002025     -2.373237 -0.668650 -0.160324     -5.707089 
54      0.022721 0.323792 0.418305 0.235182 -2.437969 -2.341493 -2.253125 -2.183485 -2.117605 -2.060184 -2.013251     -2.438247 -0.784163 -0.211124     -6.554949 
55      0.021540 0.308579 0.521895 0.147986 -2.466883 -2.369267 -2.280977 -2.205328 -2.134636 -2.074043 -2.027012     -2.468035 -0.797869 -0.190841     -6.229954 
56      0.086347 0.000000 0.307355 0.606298 -2.321578 -2.223207 -2.136376 -2.064029 -1.995529 -1.934005 -1.881220     -2.320942 -0.771009 -0.158814     -6.751709 
