1 0.34652777777777777 0.5036458333333333 0.06805555555555554 0.024999999999999967
1 0.43368055555555557 0.50078125 0.03819444444444442 0.010937499999999989
1 0.9986111111111111 0.38046875 0.002777777777777768 0.01614583333333336
1 0.7677083333333333 0.39973958333333337 0.036805555555555536 0.010937499999999989
1 0.6236111111111111 0.4317708333333333 0.03750000000000009 0.013541666666666674
1 0.496875 0.43229166666666663 0.0493055555555556 0.014583333333333337
1 0.3510416666666667 0.41874999999999996 0.03541666666666671 0.010416666666666685
1 0.3138888888888889 0.4453125 0.048611111111111105 0.011458333333333348
1 0.30625 0.46510416666666665 0.041666666666666685 0.011458333333333348
1 0.42743055555555554 0.4669270833333333 0.03958333333333336 0.016145833333333304
1 0.7329861111111111 0.40234375 0.03125 0.011979166666666652
1 0.9045138888888888 0.3575520833333333 0.05486111111111114 0.009895833333333326
1 0.6621527777777778 0.4018229166666667 0.032638888888888884 0.010937499999999989
1 0.459375 0.4325520833333333 0.029861111111111116 0.008854166666666663
1 0.42118055555555556 0.421875 0.01597222222222222 0.012499999999999956
1 0.5677083333333333 0.43723958333333335 0.04513888888888895 0.008854166666666663
1 0.7194444444444444 0.44218749999999996 0.03472222222222232 0.012500000000000011
1 0.8993055555555556 0.43203125 0.03749999999999998 0.008854166666666663
1 0.47916666666666663 0.3901041666666667 0.023611111111111083 0.007291666666666641
1 0.3746527777777778 0.46484375 0.02430555555555558 0.016145833333333304
1 0.19930555555555557 0.47760416666666666 0.03194444444444447 0.015625
1 0.2791666666666667 0.5044270833333333 0.018055555555555547 0.010937499999999989
1 0.2013888888888889 0.5104166666666667 0.020833333333333343 0.013541666666666674
1 0.7541666666666667 0.4705729166666667 0.03472222222222221 0.008854166666666663
1 0.6295138888888889 0.38359374999999996 0.027083333333333348 0.006770833333333337
