1 0.348958 0.482031 0.065278 0.021874999999999978
1 0.431597 0.47994799999999993 0.036111000000000004 0.010416999999999954
1 0.975174 0.37916700000000003 0.048264000000000085 0.013021000000000005
1 0.743403 0.39400999999999997 0.03333300000000006 0.009375000000000078
1 0.611111 0.420573 0.03402800000000006 0.01145800000000008
1 0.492014 0.42057300000000003 0.047221999999999986 0.012499999999999956
1 0.353819 0.40833299999999995 0.033333 0.008853999999999973
1 0.318056 0.43125 0.046528000000000014 0.009896000000000016
1 0.31076399999999993 0.448437 0.04027799999999998 0.009896000000000016
1 0.4260419999999999 0.45026 0.03750000000000003 0.013541999999999998
1 0.711806 0.39609400000000006 0.028472000000000053 0.010416999999999954
1 0.8680559999999999 0.359375 0.04930599999999974 0.007811999999999986
1 0.646528 0.395313 0.029861000000000026 0.008854000000000029
1 0.45659700000000003 0.420833 0.02777800000000008 0.007811999999999986
1 0.420486 0.411458 0.015277999999999958 0.01093700000000003
1 0.559028 0.4252600000000001 0.04097200000000001 0.007292000000000021
1 0.699306 0.429948 0.03125 0.01041700000000001
1 0.863194 0.4216150000000001 0.03402800000000017 0.007292000000000021
1 0.4753470000000001 0.38463499999999995 0.02222200000000002 0.006250000000000033
1 0.376042 0.448437 0.023610999999999993 0.014062999999999992
1 0.207639 0.45911499999999994 0.03125 0.013541999999999998
1 0.28472200000000003 0.483073 0.017361000000000015 0.01041700000000001
1 0.209028 0.4882810000000001 0.02013899999999999 0.011458000000000024
1 0.730903 0.45390600000000003 0.03194399999999997 0.007292000000000021
1 0.6163190000000001 0.379688 0.025000000000000022 0.005728999999999984
