1 0.3586326978540836 0.4562486398726662 0.07026252494559615 0.03263304726043226
1 0.4396626468345335 0.46859668482680533 0.03834764485203496 0.016414135862640955
1 0.9870479304550803 0.4651134419192248 0.02590413908983935 0.021061033530540674
1 0.7695415502598543 0.4392374295759354 0.03532317293665588 0.014917340110107702
1 0.6326425203338218 0.44206527468972895 0.036643343816898044 0.017064435139097278
1 0.5167927272751422 0.4213495081770129 0.04979982111023962 0.02037299293430539
1 0.3861505862268577 0.38540555643798463 0.035162065576315626 0.014410545294255228
1 0.3442761133357889 0.4014770926625033 0.04831951560442849 0.01771927702975179
1 0.33186824385524416 0.41692711259490123 0.042239923283742487 0.01663215022803155
1 0.4434394416746904 0.4387518966347919 0.040665108384246695 0.019695535083398386
1 0.7381616202494183 0.4357686175507123 0.030916923933999696 0.015085406000506396
1 0.9015059410579983 0.42722893952599483 0.05037734335776567 0.01617530388717081
1 0.67490494627478 0.4236544375562883 0.031784730450328036 0.013806624613363627
1 0.48226098081308355 0.41544197602770927 0.02943630920100948 0.01243071736118151
1 0.45003356029090374 0.40004142979677304 0.01824345949449946 0.013296259918084086
1 0.5805302274509909 0.43756515052861866 0.042109773640509274 0.01421986344360393
1 0.7155338586848996 0.4665253268951927 0.03361918112869822 0.01556861212133509
1 0.877530204969222 0.48692625401072076 0.035355103388534204 0.013012022081820673
1 0.5116931632062299 0.383492303180999 0.02354878195777066 0.009944893406738431
1 0.39536642425680335 0.42828158673293226 0.02731590250586552 0.01778647323539595
1 0.22825304274489666 0.40937638225456296 0.0345855160635605 0.018608408281678146
1 0.29582589236354867 0.4460890011467227 0.020108867889976678 0.013152755457480292
1 0.2205852514349826 0.4379887676549981 0.02313303057817659 0.014648578475242369
1 0.7388608944957555 0.4953260978348649 0.03332792412512442 0.012649530521055052
1 0.6503512762425954 0.4032008945860665 0.026089931792128818 0.009921304711714596
