1 0.7001784651992862 0.5120481927710844 0.08447352766210592 0.03614457831325307
1 0.6032123735871505 0.4959839357429719 0.046400951814396185 0.018295403837572555
1 0.23200475907198095 0.3431503792949576 0.044021415823914334 0.0169567157518965
1 0.39173111243307557 0.39736724676483715 0.04580606781677571 0.019187862561356572
1 0.5345032718619869 0.41767068273092367 0.061273051754907715 0.02231146809460066
1 0.6980963712076145 0.42704149933065594 0.042236763831052904 0.016064257028112483
1 0.738548483045806 0.45894689870593486 0.057703747769184965 0.019187862561356517
1 0.7462819750148721 0.4799196787148594 0.05056513979773947 0.0182954038375725
1 0.6112433075550268 0.46296296296296297 0.04937537180249851 0.021865238732708625
1 0.2706722189173111 0.3514056224899598 0.03926234384295063 0.01740294511378848
1 0.07971445568114217 0.2804551539491299 0.06424747174301013 0.0182954038375725
1 0.3500892325996431 0.3616688978134761 0.03985722784057111 0.015618027666220446
1 0.5764425936942297 0.4241410084783579 0.035693039857227826 0.013833110218652356
1 0.6195716835217133 0.4194556001784917 0.02201070791195725 0.01517179830432841
1 0.45419393218322424 0.41164658634538154 0.051754907792980365 0.015618027666220446
1 0.28405710886377156 0.392904953145917 0.04223676383105296 0.01740294511378848
1 0.08209399167162404 0.3543061133422579 0.045211183819155266 0.015171798304328465
1 0.5559190957763236 0.3790718429272646 0.02914931588340275 0.011155734047300359
1 0.6701368233194527 0.46898705934850515 0.0327186198691255 0.02052655064703257
1 0.8652587745389648 0.5087014725568942 0.04104699583581206 0.020526550647032626
1 0.7751338488994646 0.5236501561802767 0.023795359904818514 0.014725568942436373
1 0.8625817965496728 0.5414993306559572 0.027364663890541374 0.01651048639000441
1 0.24419988102320048 0.41543953592146365 0.04223676383105296 0.014279339580544392
1 0.3875669244497323 0.34917447568049975 0.0327186198691255 0.011155734047300359
