1 0.348958 0.482031 0.065278 0.021875
1 0.431597 0.479948 0.036111 0.010417
1 0.975174 0.379167 0.048264 0.013021
1 0.743403 0.39401 0.033333 0.009375
1 0.611111 0.420573 0.034028 0.011458
1 0.492014 0.420573 0.047222 0.0125
1 0.353819 0.408333 0.033333 0.008854
1 0.318056 0.43125 0.046528 0.009896
1 0.310764 0.448437 0.040278 0.009896
1 0.426042 0.45026 0.0375 0.013542
1 0.711806 0.396094 0.028472 0.010417
1 0.868056 0.359375 0.049306 0.007812
1 0.646528 0.395313 0.029861 0.008854
1 0.456597 0.420833 0.027778 0.007812
1 0.420486 0.411458 0.015278 0.010937
1 0.559028 0.42526 0.040972 0.007292
1 0.699306 0.429948 0.03125 0.010417
1 0.863194 0.421615 0.034028 0.007292
1 0.475347 0.384635 0.022222 0.00625
1 0.376042 0.448437 0.023611 0.014063
1 0.207639 0.459115 0.03125 0.013542
1 0.284722 0.483073 0.017361 0.010417
1 0.209028 0.488281 0.020139 0.011458
1 0.730903 0.453906 0.031944 0.007292
1 0.616319 0.379688 0.025 0.005729
