1 0.7084760273972602 0.5558766859344895 0.07106164383561642 0.021194605009633993
1 0.617722602739726 0.5539499036608864 0.04023972602739723 0.009633911368015391
1 0.03339041095890411 0.45664739884393063 0.06678082191780822 0.012845215157353929
1 0.2923801369863014 0.47077713551701994 0.028253424657534276 0.008991650610147672
1 0.4066780821917808 0.4961464354527938 0.03767123287671231 0.010918432883750773
1 0.5470890410958904 0.4964675658317277 0.05650684931506844 0.011560693641618436
1 0.7033390410958904 0.4845857418111753 0.03681506849315075 0.00834938985228001
1 0.7418664383561644 0.5067437379576107 0.050513698630136994 0.010276172125883165
1 0.7491438356164384 0.5234425176621709 0.042808219178082196 0.008991650610147728
1 0.6241438356164384 0.525369299935774 0.041095890410958846 0.012845215157353818
1 0.3184931506849315 0.47270391779062304 0.023972602739726012 0.01027617212588311
1 0.1776541095890411 0.4373795761078998 0.0625 0.007707129094412346
1 0.3724315068493151 0.4720616570327553 0.023972602739726012 0.008991650610147728
1 0.5886130136986301 0.49710982658959535 0.03339041095890416 0.007707129094412346
1 0.6301369863013699 0.4881181759794476 0.017123287671232945 0.01027617212588311
1 0.46703767123287676 0.5009633911368016 0.0488013698630137 0.006422607578676909
1 0.3287671232876712 0.5057803468208093 0.025684931506849307 0.009633911368015391
1 0.18450342465753425 0.49775208734746307 0.043664383561643816 0.0077071290944122905
1 0.5667808219178083 0.462106615285806 0.0273972602739726 0.005780346820809246
1 0.678082191780822 0.5237636480411048 0.0273972602739726 0.013487475915221592
1 0.8600171232876712 0.5337186897880539 0.03167808219178081 0.012845215157353929
1 0.7782534246575343 0.5571612074502248 0.018835616438356184 0.009633911368015502
1 0.858304794520548 0.5619781631342324 0.019691780821917804 0.011560693641618491
1 0.3026541095890411 0.5289017341040463 0.02654109589041098 0.007064868336544627
1 0.40068493150684936 0.45696852922286446 0.025684931506849307 0.005780346820809246
