1 0.30831213035736693 0.4919569705791339 0.08869927954003515 0.040118808922273486
1 0.40447140122991965 0.4738518833402571 0.047553201085592356 0.020330502556124563
1 0.9755521598111194 0.2708166642998847 0.04889568037776115 0.026173053975345917
1 0.731267869328878 0.32615713780817623 0.04196076297377016 0.018612841452455176
1 0.591041779422377 0.3776613215810245 0.04461944457517575 0.02098963587942554
1 0.45451057158320785 0.3994957297248033 0.061261844252008035 0.0256919260589053
1 0.28859382843875503 0.41226227750483246 0.04424210513930721 0.018339160209237593
1 0.254123794984626 0.44363615270936485 0.060674190904241976 0.02285493383961268
1 0.2514835097224837 0.46348107307421665 0.0532393980217746 0.021127635606009165
1 0.3879093154845946 0.4433911344763124 0.05097820481143328 0.02416263607230057
1 0.696657455015374 0.33391535857806565 0.03725561425389068 0.018437187372829622
1 0.8580668866873745 0.26849777544573217 0.057963592651857354 0.02129279150629071
1 0.62296142578125 0.34470942430501395 0.038384789156626464 0.017225591501203896
1 0.4135414460576682 0.40636875858400023 0.036479462772966875 0.015625198703709986
1 0.36820610077026855 0.4031143726632444 0.023739391158383527 0.015716436823877578
1 0.5332041299965486 0.39211281058714564 0.05071982264997499 0.018446427095343887
1 0.693475341796875 0.3715483344125152 0.04035012118787651 0.01904280316357504
1 0.8719472126788403 0.33383798004166954 0.04083178416792155 0.016420112895499883
1 0.42310496870293673 0.36436493035832374 0.029170980798192803 0.012596324935143122
1 0.3287201540537148 0.4509649085274095 0.035319255537776095 0.021166283477601078
1 0.1316726439449203 0.49506918399539646 0.045160904849868205 0.022752005317841162
1 0.2326699743309174 0.5056759217997575 0.026313481464922184 0.01562496688271503
1 0.14380863909740524 0.5262356953199183 0.030528106076650352 0.01751086379417044
1 0.736325036474021 0.39082532645694856 0.03925712616089361 0.015843839019262063
1 0.5836132126160893 0.3336451712084153 0.03143844910893567 0.012716673148823243
