1 0.2704861111111111 0.4330729166666667 0.05486111111111111 0.02656249999999999
1 0.3392361111111111 0.4236979166666667 0.03125 0.01302083333333337
1 0.9694444444444444 0.19036458333333334 0.061111111111111116 0.017187499999999994
1 0.6871527777777777 0.25104166666666666 0.03541666666666676 0.020833333333333343
1 0.5368055555555555 0.31666666666666665 0.04583333333333339 0.02395833333333336
1 0.3909722222222222 0.33671875 0.04583333333333328 0.027604166666666652
1 0.27222222222222225 0.34010416666666665 0.027777777777777735 0.019791666666666652
1 0.24305555555555558 0.38125 0.037500000000000006 0.02291666666666664
1 0.2375 0.40520833333333334 0.033333333333333326 0.013541666666666674
1 0.3333333333333333 0.3924479166666667 0.03194444444444444 0.024479166666666663
1 0.6541666666666666 0.2598958333333333 0.030555555555555558 0.021874999999999978
1 0.8256944444444444 0.18359375 0.06666666666666665 0.011979166666666652
1 0.5815972222222222 0.2703125 0.039583333333333304 0.019791666666666652
1 0.35833333333333334 0.3427083333333333 0.023611111111111138 0.016666666666666663
1 0.32743055555555556 0.3341145833333333 0.013194444444444398 0.019270833333333348
1 0.46944444444444444 0.3325520833333333 0.054166666666666696 0.018229166666666685
1 0.6430555555555555 0.3169270833333333 0.033333333333333326 0.022395833333333337
1 0.8225694444444445 0.27473958333333337 0.046527777777777724 0.018229166666666685
1 0.37326388888888884 0.2828125 0.01874999999999999 0.013541666666666674
1 0.29166666666666663 0.3966145833333333 0.020833333333333315 0.021354166666666674
1 0.14930555555555555 0.42473958333333334 0.02777777777777779 0.015104166666666696
1 0.2170138888888889 0.43984375 0.014583333333333337 0.010937499999999989
1 0.1513888888888889 0.45078125 0.018055555555555575 0.011979166666666707
1 0.6770833333333333 0.35 0.03472222222222221 0.016666666666666663
1 0.5413194444444445 0.25078125 0.032638888888888884 0.014062500000000006
