1 0.3486111111111111 0.48177083333333337 0.06527777777777777 0.021875000000000033
1 0.43125 0.47968750000000004 0.03611111111111115 0.010416666666666685
1 0.975 0.37890625 0.04861111111111116 0.01302083333333337
1 0.7430555555555556 0.39375 0.033333333333333326 0.009375000000000022
1 0.6107638888888889 0.4203125 0.03402777777777777 0.011458333333333293
1 0.49166666666666664 0.4203125 0.047222222222222165 0.012500000000000011
1 0.35347222222222224 0.4080729166666667 0.033333333333333326 0.008854166666666663
1 0.31770833333333337 0.4309895833333333 0.04652777777777778 0.009895833333333326
1 0.3104166666666667 0.44817708333333334 0.040277777777777746 0.009895833333333326
1 0.42569444444444443 0.45 0.03749999999999998 0.013541666666666674
1 0.7114583333333333 0.39583333333333337 0.028472222222222232 0.010416666666666685
1 0.8677083333333333 0.35911458333333335 0.0493055555555556 0.0078125
1 0.6461805555555555 0.3950520833333333 0.029861111111111116 0.008854166666666663
1 0.45625 0.4205729166666667 0.02777777777777779 0.0078125
1 0.42013888888888884 0.41119791666666666 0.015277777777777779 0.010937500000000044
1 0.5586805555555556 0.425 0.0409722222222223 0.007291666666666696
1 0.6989583333333333 0.4296875 0.03125 0.01041666666666663
1 0.8628472222222222 0.4213541666666667 0.03402777777777777 0.007291666666666641
1 0.475 0.384375 0.0222222222222222 0.006250000000000033
1 0.37569444444444444 0.44817708333333334 0.023611111111111138 0.014062499999999978
1 0.20729166666666668 0.4588541666666667 0.03125 0.013541666666666674
1 0.28437500000000004 0.4828125 0.017361111111111105 0.010416666666666685
1 0.20868055555555554 0.48802083333333335 0.0201388888888889 0.011458333333333348
1 0.7305555555555556 0.4536458333333333 0.03194444444444444 0.007291666666666641
1 0.6159722222222221 0.3794270833333333 0.025000000000000022 0.0057291666666666186
