1 0.8123844731977818 0.47758780036968573 0.06592729513247075 0.028188539741219987
1 0.7285890326555761 0.4701940850277264 0.038817005545286554 0.014325323475046225
1 0.02033271719038817 0.27564695009242146 0.04066543438077634 0.028188539741219987
1 0.35643869377695625 0.33294824399260625 0.04621072088724587 0.017097966728280956
1 0.5274183610597658 0.38331792975970425 0.041897720271102945 0.018022181146025884
1 0.6660505237215033 0.39510166358595195 0.052988293284041865 0.019408502772643277
1 0.811460258780037 0.39371534195933455 0.033271719038817094 0.012939001848428833
1 0.8450400492914356 0.422365988909427 0.044978434996919336 0.01478743068391869
1 0.8512014787430684 0.4422365988909427 0.038817005545286554 0.013863216266173761
1 0.7356746765249538 0.4359981515711645 0.039433148490449765 0.018946395563770757
1 0.39926062846580407 0.34011090573012936 0.03820086260012323 0.01756007393715342
1 0.17498459642637093 0.26548059149722736 0.07640172520024643 0.019870609981515686
1 0.48428835489833644 0.3470425138632163 0.038200862600123175 0.014787430683918634
1 0.7045594577942083 0.3987985212569316 0.030191004313000702 0.01201478743068396
1 0.7433764633394948 0.391173752310536 0.01663585951940849 0.014325323475046225
1 0.5893407270486752 0.3946395563770795 0.04867529266789894 0.012939001848428888
1 0.41466420209488597 0.38609057301293903 0.04189772027110289 0.017097966728280956
1 0.18083795440542205 0.3553604436229205 0.052372150338878626 0.014787430683918634
1 0.6857670979667283 0.35374306839186687 0.02464571780653113 0.009704251386321638
1 0.7874306839186691 0.4376155268022181 0.02464571780653113 0.01756007393715342
1 0.9457794208256316 0.46072088724584104 0.028342575477510734 0.01663585951940849
1 0.874614910659273 0.4822088724584104 0.01663585951940849 0.012476894639556424
1 0.9433148490449784 0.49191312384473196 0.01848428835489835 0.013401109057301297
1 0.3712261244608749 0.4147412199630314 0.04374614910659275 0.012476894639556368
1 0.5224892174984597 0.3308687615526802 0.030807147258163914 0.010166358595194047
