1 0.3222222222222222 0.4981770833333333 0.0763888888888889 0.024479166666666607
1 0.415625 0.49687499999999996 0.04097222222222224 0.011458333333333293
1 0.9854166666666666 0.396875 0.029166666666666674 0.014583333333333337
1 0.7534722222222223 0.40859375 0.036111111111111094 0.010937499999999989
1 0.6114583333333333 0.43463541666666666 0.03819444444444442 0.01302083333333337
1 0.48020833333333335 0.43281250000000004 0.0534722222222222 0.014583333333333337
1 0.3232638888888889 0.41718750000000004 0.038194444444444475 0.010416666666666685
1 0.2833333333333333 0.44166666666666665 0.054166666666666696 0.011458333333333348
1 0.2763888888888889 0.4604166666666667 0.04722222222222222 0.011458333333333293
1 0.4076388888888889 0.4643229166666667 0.043055555555555514 0.01510416666666664
1 0.7194444444444446 0.41015625 0.030555555555555558 0.011979166666666652
1 0.8836805555555556 0.37395833333333334 0.05208333333333337 0.009375000000000022
1 0.6489583333333333 0.4080729166666667 0.032638888888888884 0.009895833333333326
1 0.44027777777777777 0.4325520833333333 0.03194444444444444 0.008854166666666663
1 0.3993055555555556 0.42161458333333335 0.018055555555555547 0.011979166666666652
1 0.5545138888888889 0.4390625 0.04513888888888884 0.00833333333333336
1 0.7076388888888889 0.44635416666666666 0.03472222222222221 0.011458333333333348
1 0.8812500000000001 0.43984375 0.036111111111111094 0.0078125
1 0.459375 0.39322916666666663 0.02569444444444441 0.007291666666666641
1 0.3510416666666667 0.46145833333333336 0.027083333333333293 0.015625
1 0.15763888888888888 0.47109375 0.037500000000000006 0.01510416666666664
1 0.24861111111111112 0.49869791666666663 0.02083333333333337 0.011979166666666596
1 0.16076388888888887 0.5033854166666667 0.024305555555555552 0.013020833333333315
1 0.7427083333333333 0.47239583333333335 0.03402777777777777 0.00833333333333336
1 0.6152777777777778 0.39088541666666665 0.02777777777777779 0.006770833333333337
