1 0.5958333333333333 0.4265625 0.07222222222222219 0.04062500000000002
1 0.5215277777777778 0.45234375 0.03749999999999998 0.021354166666666674
1 0.01840277777777778 0.5466145833333333 0.03680555555555556 0.026562500000000044
1 0.23229166666666667 0.4822916666666667 0.028472222222222232 0.01874999999999999
1 0.3402777777777778 0.46119791666666665 0.030555555555555558 0.021354166666666674
1 0.4326388888888889 0.42161458333333335 0.048611111111111105 0.02656249999999999
1 0.5458333333333334 0.36041666666666666 0.03472222222222221 0.02083333333333337
1 0.5913194444444445 0.3692708333333333 0.04791666666666672 0.027083333333333348
1 0.6090277777777777 0.38255208333333335 0.043055555555555514 0.024479166666666663
1 0.5072916666666667 0.425 0.04236111111111113 0.023958333333333304
1 0.25625 0.47369791666666666 0.024999999999999994 0.01822916666666663
1 0.09965277777777778 0.4942708333333333 0.05347222222222221 0.022916666666666696
1 0.3027777777777778 0.4515625 0.02638888888888885 0.017708333333333326
1 0.4635416666666667 0.41015625 0.028472222222222232 0.016145833333333304
1 0.4892361111111111 0.38776041666666666 0.020138888888888873 0.016145833333333304
1 0.3802083333333333 0.44765625 0.032638888888888884 0.02031250000000001
1 0.2815972222222222 0.4984375 0.027083333333333348 0.01874999999999999
1 0.14583333333333331 0.5453125000000001 0.037500000000000006 0.017708333333333326
1 0.42569444444444443 0.38307291666666665 0.023611111111111138 0.014062499999999978
1 0.5506944444444444 0.40625 0.029166666666666674 0.02083333333333337
1 0.7086805555555555 0.3544270833333333 0.036805555555555536 0.024479166666666663
1 0.6534722222222222 0.40572916666666664 0.023611111111111027 0.015625
1 0.7256944444444444 0.3828125 0.025000000000000022 0.018750000000000044
1 0.2708333333333333 0.5289062499999999 0.026388888888888906 0.017187500000000022
1 0.3159722222222222 0.4278645833333333 0.01944444444444443 0.014062499999999978
