1 0.6465277777777778 0.4703125 0.06805555555555554 0.027083333333333293
1 0.5642361111111112 0.4747395833333333 0.03680555555555565 0.01302083333333337
1 0.017708333333333333 0.415625 0.035416666666666666 0.016666666666666663
1 0.24305555555555558 0.4127604166666667 0.03472222222222224 0.011979166666666652
1 0.378125 0.42942708333333335 0.03541666666666665 0.014062499999999978
1 0.49618055555555557 0.4200520833333333 0.04791666666666672 0.016145833333333304
1 0.6319444444444444 0.39739583333333334 0.03472222222222221 0.011458333333333348
1 0.6704861111111111 0.4174479166666667 0.04791666666666661 0.013020833333333315
1 0.6802083333333333 0.4341145833333333 0.04097222222222219 0.013020833333333315
1 0.5659722222222222 0.44453125 0.03888888888888897 0.016145833333333304
1 0.2746527777777778 0.4125 0.029861111111111116 0.012500000000000011
1 0.11458333333333334 0.3880208333333333 0.05 0.011458333333333348
1 0.33958333333333335 0.4067708333333333 0.030555555555555558 0.011458333333333293
1 0.5315972222222223 0.4174479166666667 0.02847222222222212 0.009895833333333381
1 0.5659722222222222 0.40546875 0.016666666666666607 0.011979166666666652
1 0.4305555555555556 0.4296875 0.041666666666666685 0.01041666666666663
1 0.2920138888888889 0.4453125 0.032638888888888884 0.012499999999999956
1 0.12777777777777777 0.44947916666666665 0.03472222222222224 0.009375000000000022
1 0.5083333333333333 0.38307291666666665 0.022222222222222254 0.0078125
1 0.6152777777777778 0.4390625 0.025000000000000022 0.015625
1 0.784375 0.43671875 0.032638888888888884 0.016145833333333304
1 0.7107638888888889 0.46640625 0.018750000000000044 0.011979166666666707
1 0.7868055555555555 0.46588541666666666 0.022222222222222254 0.01302083333333337
1 0.2635416666666667 0.47161458333333334 0.032638888888888884 0.009895833333333326
1 0.3677083333333333 0.3888020833333333 0.02569444444444441 0.0078125
