1 0.6607023087848638 0.5033565636837121 0.0723609104255466 0.02517076392475892
1 0.5697053834365156 0.5037953610590995 0.04010652240953938 0.012184399481318886
1 0.21955111470374467 0.4210626943709108 0.03822879777120783 0.01121994312801311
1 0.3698650498669443 0.44591427637525827 0.03838054863411555 0.013404463670798838
1 0.5035133672874005 0.4423119747277462 0.05291277501563668 0.014867457870609502
1 0.6575468500249028 0.42504141311014976 0.03720411748864905 0.010489538944128796
1 0.6963341715072509 0.4485095988292011 0.05163700904026147 0.011960940190254843
1 0.7037691493843821 0.46658735459172695 0.04464407228734257 0.011750663147813312
1 0.5764512612786092 0.47208065316696796 0.04184070810554108 0.01559685320893589
1 0.255597260901449 0.4223940174113292 0.03258026326648214 0.012195261385158418
1 0.07535399429174244 0.3866907545357696 0.057291046436668956 0.010047126538825779
1 0.32970679009552795 0.4196081744737862 0.03390308377299156 0.010510590188102575
1 0.5430343322527683 0.44152490705169595 0.031089426412504784 0.00922754040762741
1 0.583434108454179 0.4303670919959539 0.01723716062824321 0.012215236527203854
1 0.4284417312882228 0.44938569712573173 0.045992727541234235 0.009098004637999313
1 0.27033587117120905 0.458741327291021 0.03554899697837516 0.012218901999397402
1 0.08335217022736749 0.4547770518573519 0.03929675464898767 0.008988141356749302
1 0.5226401292986125 0.4030127827457817 0.024994235819936095 0.007417032541322255
1 0.6318245810698898 0.4685910227541753 0.026462201457097878 0.015700629788653553
1 0.8162718731178189 0.47472680462293393 0.0347314923670311 0.015270155389118412
1 0.7310624514976373 0.5024110063705234 0.019380404031921872 0.011522563167183142
1 0.8133662558202837 0.5054810747298983 0.022437410234432797 0.012664609966856033
1 0.23498545336316837 0.48555420594438703 0.03629485654159331 0.008856318870523405
1 0.36383213866101627 0.4017114056043388 0.028338930711117094 0.006970652010158396
