1 0.651042 0.482031 0.06527799999999995 0.021874999999999978
1 0.568403 0.479948 0.036111000000000004 0.01041700000000001
1 0.02482600000000007 0.37916700000000003 0.048263999999999974 0.013021000000000005
1 0.256597 0.39400999999999997 0.033332999999999946 0.009375000000000078
1 0.38888899999999993 0.420573 0.034028000000000114 0.011458000000000024
1 0.507986 0.42057300000000003 0.047221999999999986 0.012499999999999956
1 0.646181 0.40833299999999995 0.03333300000000006 0.008853999999999973
1 0.681944 0.43125 0.046528000000000125 0.009896000000000016
1 0.6892360000000001 0.448437 0.040278000000000036 0.009896000000000016
1 0.573958 0.45026 0.03749999999999998 0.013541999999999998
1 0.28819399999999995 0.39609400000000006 0.028472000000000053 0.010416999999999954
1 0.131944 0.359375 0.04930599999999996 0.007811999999999986
1 0.3534719999999999 0.395313 0.02986099999999997 0.008854000000000029
1 0.5434030000000001 0.420833 0.02777799999999997 0.007811999999999986
1 0.579514 0.411458 0.015278000000000125 0.01093700000000003
1 0.44097200000000003 0.42526 0.040972000000000064 0.007291999999999965
1 0.300694 0.429948 0.03125 0.01041700000000001
1 0.13680599999999993 0.4216150000000001 0.03402800000000006 0.007292000000000021
1 0.5246529999999999 0.38463499999999995 0.022221999999999964 0.006250000000000033
1 0.623958 0.4484369999999999 0.023610999999999938 0.014062999999999937
1 0.792361 0.459115 0.03125 0.013542000000000054
1 0.715278 0.483073 0.01736099999999996 0.01041700000000001
1 0.790972 0.4882810000000001 0.020138999999999907 0.011458000000000024
1 0.26909700000000003 0.45390600000000003 0.03194399999999997 0.007292000000000021
1 0.38368099999999994 0.379688 0.024999999999999967 0.005728999999999984
