1 0.5791343669250646 0.500484496124031 0.0678294573643411 0.022286821705426396
1 0.49192506459948315 0.49806201550387597 0.038113695090439215 0.01065891472868219
1 0.01970284237726098 0.3946220930232558 0.03811369509043928 0.015019379844961211
1 0.20704134366925064 0.4103682170542636 0.02906976744186046 0.009689922480620172
1 0.32009043927648584 0.4375 0.02906976744186046 0.011627906976744207
1 0.42764857881136953 0.4375 0.05038759689922484 0.012596899224806224
1 0.5746124031007751 0.4249031007751938 0.03552971576227393 0.0087209302325581
1 0.6104651162790697 0.44840116279069764 0.0452196382428941 0.010174418604651125
1 0.6182170542635659 0.46608527131782945 0.03746770025839785 0.009689922480620172
1 0.49806201550387597 0.4680232558139535 0.040051679586563305 0.013565891472868241
1 0.23417312661498707 0.4125484496124031 0.02390180878552972 0.011143410852713198
1 0.1056201550387597 0.37209302325581395 0.03940568475452197 0.008720930232558155
1 0.2897286821705426 0.4118217054263566 0.025193798449612392 0.009689922480620172
1 0.4654392764857881 0.4377422480620155 0.02906976744186046 0.008236434108527146
1 0.5038759689922481 0.42805232558139533 0.015503875968992276 0.011143410852713198
1 0.3643410852713178 0.4425872093023256 0.034883720930232565 0.007267441860465129
1 0.2445090439276486 0.4471899224806202 0.02648578811369509 0.01065891472868219
1 0.10981912144702843 0.4387112403100775 0.02713178294573644 0.007267441860465129
1 0.44541343669250644 0.4006782945736434 0.02390180878552972 0.006782945736434121
1 0.5510335917312661 0.46632751937984496 0.025839793281653756 0.01405038759689925
1 0.7141472868217054 0.47698643410852715 0.029069767441860406 0.01405038759689925
1 0.6424418604651163 0.501453488372093 0.016149870801033583 0.01065891472868219
1 0.7131782945736433 0.5065406976744187 0.019379844961240233 0.012112403100775215
1 0.21737726098191215 0.47165697674418605 0.02777777777777779 0.007267441860465129
1 0.31556847545219635 0.3948643410852713 0.021317829457364323 0.006782945736434121
