1 0.3485041374920433 0.4818529130850048 0.06556333545512416 0.021967526265520565
1 0.43125397835773394 0.4797039159503343 0.036282622533418185 0.01002865329512892
1 0.9748567791215785 0.3789398280802292 0.047740292807129214 0.012893982808022952
1 0.7431572246976448 0.3937440305635148 0.033736473583704685 0.009073543457497613
1 0.6107574793125398 0.42024832855778416 0.033736473583704685 0.011461318051575908
1 0.49172501591343093 0.42024832855778416 0.047740292807129214 0.012416427889207271
1 0.3535964353914704 0.4080706781279847 0.033736473583704685 0.009073543457497613
1 0.31795035009548056 0.43099331423113657 0.046467218332272464 0.01002865329512892
1 0.31031190324633995 0.4481852913085005 0.04010184595798855 0.01002865329512892
1 0.4255251432208784 0.4500955109837631 0.03755569700827499 0.013849092645654204
1 0.7113303628262253 0.39589302769818524 0.028644175684277573 0.010506208213944601
1 0.867600254614895 0.35912129894937916 0.04964990451941431 0.007640878701050624
1 0.6464035646085295 0.3951766953199618 0.02991725015913438 0.009073543457497613
1 0.4563971992361553 0.4207258834765998 0.028007638446849115 0.007640878701050624
1 0.4201145767027371 0.41141356255969436 0.015276893698281335 0.010983763132760282
1 0.558879694462126 0.42502387774594075 0.040738383195416894 0.007640878701050624
1 0.6992361553150859 0.42979942693409745 0.031190324633991184 0.010506208213944601
1 0.8628262253341821 0.42144221585482333 0.033736473583704685 0.007163323782234998
1 0.47517504774029284 0.3841929321872015 0.0222788033099936 0.0062082139446036355
1 0.375875238701464 0.4481852913085005 0.023551877784850406 0.01384909264565426
1 0.2071928707829408 0.45893027698185296 0.031190324633991073 0.013371537726838578
1 0.28421387651177593 0.48280802292263614 0.017186505410566544 0.010506208213944601
1 0.20878421387651178 0.4880611270296084 0.020369191597708447 0.011461318051575908
1 0.7307447485677913 0.45367717287488063 0.031826861871419476 0.007640878701050624
1 0.6158497772119669 0.37965616045845274 0.024824952259707156 0.005730659025787954
