1 0.5857638888888889 0.4901041666666667 0.08125000000000004 0.046875
1 0.49965277777777783 0.50390625 0.04097222222222224 0.0234375
1 0.2111111111111111 0.47135416666666663 0.030555555555555558 0.020833333333333315
1 0.31840277777777776 0.4747395833333333 0.029861111111111116 0.0234375
1 0.41388888888888886 0.45026041666666666 0.04999999999999999 0.02864583333333337
1 0.5440972222222222 0.4078125 0.03819444444444442 0.020833333333333315
1 0.5934027777777777 0.4263020833333333 0.05625000000000002 0.02656249999999999
1 0.6097222222222223 0.44401041666666663 0.0527777777777777 0.024479166666666663
1 0.49166666666666664 0.4700520833333333 0.0444444444444444 0.027604166666666652
1 0.23576388888888888 0.46770833333333334 0.024305555555555552 0.019791666666666652
1 0.05694444444444444 0.4591145833333333 0.0611111111111111 0.0234375
1 0.28368055555555555 0.45416666666666666 0.025694444444444464 0.018750000000000044
1 0.4482638888888889 0.4432291666666667 0.03125 0.017708333333333326
1 0.47916666666666663 0.42552083333333335 0.020833333333333315 0.016666666666666663
1 0.36006944444444444 0.46901041666666665 0.03402777777777777 0.021354166666666674
1 0.2565972222222222 0.5020833333333333 0.02708333333333332 0.020833333333333315
1 0.09652777777777777 0.5239583333333333 0.043055555555555555 0.018750000000000044
1 0.4131944444444444 0.40729166666666666 0.024999999999999967 0.013541666666666674
1 0.5402777777777779 0.45807291666666666 0.030555555555555558 0.0234375
1 0.7413194444444444 0.43463541666666666 0.046527777777777724 0.025520833333333326
1 0.6597222222222223 0.47786458333333337 0.02777777777777779 0.018229166666666685
1 0.7559027777777778 0.4682291666666667 0.03125 0.019791666666666707
1 0.24166666666666664 0.5335937500000001 0.02638888888888888 0.01822916666666663
1 0.3006944444444445 0.43098958333333337 0.020833333333333315 0.014062500000000033
