1 0.6309027777777778 0.440625 0.07152777777777775 0.038541666666666696
1 0.5534722222222221 0.4614583333333333 0.03888888888888886 0.019791666666666707
1 0.008680555555555556 0.5190104166666667 0.017361111111111112 0.025520833333333326
1 0.21979166666666666 0.46796875000000004 0.03541666666666665 0.018229166666666685
1 0.35659722222222223 0.45625 0.036805555555555536 0.019791666666666652
1 0.4673611111111111 0.42317708333333337 0.050000000000000044 0.024479166666666663
1 0.5902777777777777 0.3734375 0.03472222222222221 0.017708333333333326
1 0.6350694444444445 0.3848958333333333 0.04791666666666661 0.021874999999999978
1 0.6499999999999999 0.39869791666666665 0.04166666666666663 0.02031250000000001
1 0.54375 0.43229166666666663 0.04166666666666663 0.02291666666666664
1 0.25069444444444444 0.46119791666666665 0.03194444444444444 0.017187500000000022
1 0.084375 0.4703125 0.050694444444444445 0.020833333333333315
1 0.3111111111111111 0.44244791666666666 0.03194444444444444 0.016145833333333304
1 0.5006944444444444 0.41380208333333335 0.030555555555555614 0.01510416666666664
1 0.5298611111111111 0.39479166666666665 0.019444444444444375 0.014583333333333337
1 0.4076388888888889 0.44609374999999996 0.04166666666666663 0.018229166666666685
1 0.2795138888888889 0.48932291666666666 0.03402777777777777 0.01822916666666663
1 0.12048611111111111 0.52734375 0.03541666666666668 0.016145833333333304
1 0.4652777777777778 0.38515625 0.023611111111111138 0.011979166666666707
1 0.5892361111111111 0.41692708333333334 0.029861111111111116 0.019270833333333348
1 0.7520833333333333 0.38020833333333337 0.036111111111111205 0.021875000000000033
1 0.6909722222222222 0.4239583333333333 0.02083333333333326 0.014583333333333337
1 0.7649305555555556 0.4078125 0.02430555555555558 0.016666666666666663
1 0.26145833333333335 0.5208333333333334 0.034027777777777796 0.015625
1 0.33125 0.41953125 0.026388888888888906 0.011979166666666707
