1 0.30180180180180183 0.42567567567567566 0.07616707616707613 0.030712530712530717
1 0.39680589680589684 0.4305896805896806 0.04176904176904178 0.014742014742014697
1 0.7645372645372646 0.3587223587223587 0.040131040131040185 0.013513513513513542
1 0.6072891072891073 0.3780712530712531 0.040131040131040074 0.015356265356265386
1 0.46887796887796884 0.3682432432432432 0.05487305487305488 0.017813267813267808
1 0.3128583128583129 0.34398034398034394 0.03767403767403771 0.012285012285012276
1 0.2710892710892711 0.36640049140049136 0.05241605241605243 0.01412776412776412
1 0.26126126126126126 0.3848280098280098 0.04586404586404588 0.01412776412776412
1 0.3918918918918919 0.3961916461916462 0.04340704340704338 0.01842751842751844
1 0.7268632268632269 0.3584152334152334 0.03521703521703523 0.01412776412776412
1 0.911957411957412 0.33015970515970516 0.05978705978705978 0.012899262899262909
1 0.6490581490581491 0.3525798525798526 0.03521703521703523 0.012285012285012331
1 0.4283374283374284 0.36609336609336607 0.03276003276003275 0.01105651105651101
1 0.3873873873873874 0.3525798525798526 0.018018018018018 0.013513513513513487
1 0.5458640458640459 0.37929975429975427 0.04832104832104833 0.011670761670761698
1 0.7129402129402129 0.3961916461916462 0.03849303849303842 0.014742014742014753
1 0.9115479115479115 0.4007985257985258 0.04258804258804261 0.011670761670761698
1 0.4508599508599509 0.3273955773955774 0.025389025389025377 0.008599508599508643
1 0.33497133497133497 0.39035626535626533 0.027846027846027854 0.017813267813267808
1 0.147010647010647 0.3882063882063882 0.03521703521703523 0.017199017199017175
1 0.22891072891072892 0.4213759213759214 0.020475020475020478 0.013513513513513542
1 0.14537264537264538 0.42076167076167076 0.0221130221130221 0.014742014742014753
1 0.7526617526617527 0.42659705159705164 0.039312039312039304 0.011670761670761698
1 0.6134316134316135 0.3326167076167076 0.029484029484029506 0.00798525798525801
